000000000000100000000001000000000  61151
000000000000000000000000100000000  2665890
000000000000000000000000000000000  40472900
001000000000000000000000000000000  715010
000000000000100000000000100000000  199846
000000000000000001000000000000000  1417069
000000000100000000000000000000000  2146813
000000000000000000000000000010000  204077
000000000000100000000000000000000  1855767
000000000000000000000001000000000  2454918
000000000100000000000001000000000  81685
000000000100000001000000000000000  27247
000000010000000000000000000000000  1432089
000000000000000001000001000001000  3005
000000000100000000000000100000000  221582
000000000000001000000001000000000  21945
000000000000000000000001100000000  6558
000001000000000000000000100000000  22028
000000000000000000000000000001000  818580
000000000000000001000001000000000  150999
000000010000100000000000000000000  128440
000001000000000000000000000000000  255354
000000000000001000000000000000000  369981
000001000000000000000000000001000  6141
001000000100000000000000000000000  18499
000000000000100001000000000000000  16920
000000000000000000000001000001000  54990
000000000000000001000000100000000  22302
000000010000000000000000100000000  148617
001000000000000000000000100000000  28631
000000000000100000000000000001000  38191
001000000000000001000000000000000  43372
000000000000000001000001100000000  513
000000000000000000000000100001000  45716
000000010000000000000000000001000  33326
000000010000100000000001000001000  87
001000000000000000000001000000000  61427
001000000000000000000000000001000  13844
000000010000000000000001000000000  52456
001000010000000000000000100000000  240
000000000000001000000000100000000  28651
000000000100100000000000100000000  3493
000000010000000001000000000000000  14935
000000000100000000000000000001000  52758
000001000000000000000001000000000  12836
001000000000100000000000000000000  18924
000001000000100000000000000000000  14782
000001000000000001000000000000000  5984
000000010000000001000000100000000  871
000000000100000000000000000010000  11397
000000000100000000000000100001000  4051
000000000000000000000001000010000  12076
000000000000001001000000000000000  4901
000000000100001000000001000000000  573
000000010100000000000000100000000  226
000000000000001000000000000010000  2356
000000010000001000000000000000000  13648
000001010000000000000000000000000  1866
000000000100100000000000000000000  32020
000000000000000001000000000001000  25284
001000000000000001000001000000000  4547
000001000100000000000000000000000  3760
000000010000100000000000100000000  14140
000000000000100001000001000000000  930
000000000000101000000000000000000  5213
000000010100000000000000000000000  2720
000000000100000000000001000001000  2520
000000000000100000000000000010000  8072
000000000000000000000000100010000  11642
000000000100001000000000000000000  14411
000000000000000001000000000010000  5393
001000000000100000000001000000000  430
000000000100100000000000000001000  738
000000000000100000000000100001000  3213
000000000000001000000000000001000  8225
001000000000100000000000000001000  233
000000010000000000000000000010000  7011
001000010000000000000000000000000  4184
001001000000000000000000000000000  1205
000000010000100000000001000000000  3882
000000000100000001000001000000000  1783
000000000100000001000000100000000  1631
001000010000100000000000000000000  193
001000000000000001000000000001000  603
000000010000000000000001000001000  1323
000000000000001001000001000000000  582
001000000000001001000000000000000  152
000000010000000000000000100001000  2334
000000000000100000000001000010000  368
000000010000000000000001000010000  219
000000000100001000000000100000000  1470
001000000000001000000000000000000  5897
000000000000100001000001100000000  39
000000000000000001000000100001000  537
000000000000001000000000100010000  125
000000010000001000000001000000000  535
000000010000100000000000000001000  2624
000001000000100000000000100000000  1530
000001000000000001000000000010000  35
001000000000000000000001100000000  130
000001000000000000000000000010000  2450
000000000000001000000000100001000  499
000000000000101000000001000000000  256
000000010000100001000000000000000  779
001000000000000000000000100001000  309
001000000000001000000001000000000  433
000001000100000001000000000010000  2
000001000000001000000000000000000  2831
000000000100100001000000000000000  390
000000000000001000000001000001000  704
000000010100000000000000000001000  64
001000000100000000000001000000000  594
001000010000000000000001000010000  8
000000000000100001000000100000000  1393
001000000000000000000000000010000  4980
001000000000000001000000000010000  158
001000000000000000000001000001000  1134
000000000100000000000000100010000  851
000000000100000001000001000001000  51
001000000000100000000000100000000  1194
000001000000000000000000100010000  82
000001000000000001000000100000000  179
000001000000101000000000000000000  81
000000000100100000000001000000000  1083
000001000000000001000001000000000  576
000001000000000001000001100000000  14
000000010000001000000000100000000  1329
001000000000000001000000100000000  362
000000000000100000000001000001000  1420
000000000000001001000001000001000  37
000000010000100000000000100001000  182
000000010000000001000001000000000  945
000000010000100000000000000010000  444
000000010000101001000000000000000  6
000000010000000000000000100010000  435
000000010000000001000001000001000  32
001000000100001000000000000000000  90
000000010000000001000000000001000  452
001000000000100001000000000000000  269
000000000000000000000000000011000  555
000001000000100001000000000000000  129
000000000000100000000000100010000  751
000001000000000001000000000001000  169
000000000100001000000000000001000  321
000000010000000001000001100000000  16
000000000000100001000000000001000  474
000001000000001000000000100000000  229
001000000000100000000000000010000  106
000001010000100000000000000000000  152
001000010000000000000000000001000  93
001000000000101000000000000000000  44
000000000000000001000001000010000  549
000001000000000000000001000001000  392
000000000100100000000000100001000  57
001000000100000000000000000001000  335
000000000100000000000001000010000  486
000000000000101000000001100000000  27
000000010000001000000000000010000  65
001001000000000000000001000000000  67
001000000100000000000000100000000  1016
001000000100000001000000000000000  367
000000000100001001000000000010000  5
000000000100000001000000000001000  867
000000000000000001000000100010000  168
000000000000100000000001100000000  380
000001000000100000000001000000000  382
000000000000100000000001100001000  12
000000010000101000000000100000000  36
000001000100000001000000000000000  90
000000000000101000000000000001000  142
000001000000000000000000100001000  224
000001010000000000000000000001000  45
000000000100001000000001000001000  17
000000000000000000000001100001000  237
000001000100000001000001100001000  1
000001000000000001000000100001000  2
000000000000000000000001000011000  70
000000010000000000000001100000000  282
000000000000001000000001000010000  167
001000000000001000000000100000000  213
000000000100000000000001100000000  439
001000010000001000000000000000000  45
000000000000001000000000000011000  26
000000000100000001000000000010000  154
001000000000000001000001000001000  77
000000000000001000000001100000000  248
001000000100000001000000100000000  15
001000000000000001000000000011000  3
000000000100101000000000000000000  134
000000010000001000000000000001000  284
000000000000001001000000100000000  278
001000000000001000000000000001000  132
000001000000000000000001100000000  77
000001000000100000000000000001000  174
000000000100001000000000000010000  67
000001000100000000000001000000000  178
000000000000101001000000000000000  124
000000000000000001000000100011000  5
000001000100000000000000000001000  85
001000000000001000000001000001000  22
001000000000000000000001000010000  256
000000000100001001000000000000000  159
001000000100100000000000000000000  156
000000010000101000000000000010000  1
000000010000101000000000000000000  280
001000010100000000000000000000000  25
000000000000001001000000100001000  18
000000010100001000000000000000000  25
000001010000000001000000000000000  65
000000000100000001000000100010000  8
000000000000101000000000100000000  507
001000000000001001000001000000000  13
000000010000100000000000100010000  38
001000000000000001000001100000000  12
001000000000000000000000100010000  101
000000000000001001000000000010000  45
000001010000001000000000000000000  25
000000010000001001000000000000000  99
000000010000100000000001100001000  1
000000000100000001000001100000000  20
000001000100000000000000100000000  333
000001000000001000000000000001000  72
000000000000001001000000000001000  227
001000000000001001000000000001000  7
000001010000000000000000100000000  144
000001000100001000000000000000000  63
000001000000001000000001000000000  132
000001000100100000000000100000000  9
001000010000000001000000000000000  95
000000000000100001000000000010000  137
000001000100100000000000000000000  67
001000010000100000000000100000000  13
000001000100100000000001000000000  7
000000000100001001000000100000000  16
000001000000000000000001000010000  88
000000010000101000000000000001000  19
000001000000100000000001000001000  10
001000010000000000000000100010000  3
001000000000000001000001000010000  21
000000010000000001000000000010000  66
001001000000000000000000100000000  48
000000000100100001000000100000000  24
000000010100100000000000000000000  99
001000010000000001000000100000000  2
000001000100001000000000100001000  1
000001000000100000000000100010000  10
001000010000000000000001000000000  181
000001010000001000000000000010000  1
000000010100000000000001000000000  114
000000010000000001000000100010000  7
001000000000100000000001100000000  6
000000000000101000000000000010000  24
000000000100000000000001000011000  1
000000000100000000000001100010000  2
000001010000000000000000100010000  2
000001010000000000000001000000000  99
001000000100100000000000000010000  1
001001000000100000000000000000000  44
000001010000000000000000000010000  15
001001000000000000000001000001000  2
000000000000001001000001100000000  47
000000010000001001000000100000000  7
000000000000000000000001100010000  58
001001000100000000000000000000000  16
000000000100001000000000100001000  25
000000000000000001000000000011000  41
000000000000100001000001000001000  39
000000000100100000000000100010000  11
000000000000100001000000100001000  37
001000000100000000000000000010000  134
000000000100000000000001100001000  11
000001000100000000000000100001000  2
000001000100001000000000000001000  2
000001000000001001000000000000000  54
001000010000001000000000100000000  4
000000010100000001000000000000000  32
000000000000101000000000100010000  9
000000010100000000000000000010000  9
001001000000000001000001000000000  6
000000010000100000000001100000000  25
000000000100100000000000000010000  152
000000010000001001000000000001000  7
001000000000001000000000000010000  33
000000000000001001000000100010000  3
000000010000100001000000100000000  72
000001000000100000000000000010000  63
000001000000100000000001100000000  8
000000000000001001000001000010000  16
000001010000100000000000100010000  1
000001000000101000000000000001000  4
001001000000000000000000000001000  26
000001010100000000000000000000000  13
001000000100100000000000100000000  15
001000000100000001000001000000000  21
000000010000100001000001000000000  24
001000000100000001000000000001000  13
000001000000001000000001000001000  6
000000010000001000000001000010000  5
000001010000000000000000100001000  2
000000000000000000000000100011000  29
001001010000000000000000000000000  10
000001010000001001000000000000000  4
000000000100101000000000100000000  15
000000000000001000000000100011000  3
000001000000000000000000000011000  4
000000000000101001000000000001000  17
000001000000001001000000100000000  8
000000000100000000000000000011000  15
000000000100100000000001100000000  19
000000010000100001000000100001000  2
000000000000000001000001000011000  11
000000000100001001000001000000000  17
000000010000101000000000100001000  2
001001000000000001000000000000000  57
000001000000001000000001100000000  3
001000000000001001000001000001000  1
000000000100101001000000000000000  5
001000000000100001000001000000000  19
000000000000000001000001100010000  16
001000000100001000000000100000000  10
001001000000001000000000000000000  19
001001010000000000000000000010000  1
000000010000000000000001100001000  11
000001010000001000000000100000000  3
000001000100000001000000100001000  1
000000000100001001000000000001000  6
000000000000101001000001100000000  9
000000000100100000000001000001000  41
000000000000100000000000000011000  17
000000010100000001000000100000000  4
000001010000000000000001100000000  3
000001010000001000000001000000000  12
000001000100000000000000000010000  20
000001010100100000000000100000000  1
001000000000001000000000100001000  1
000001000000101001000000100000000  2
000000000100000001000000100001000  47
000000000000101001000001000000000  22
001000000000100000000001000010000  5
000000000000001001000000000011000  5
001000010000000000000000000010000  30
001000000000101001000000000000000  3
001000000000100001000000100000000  18
000000010000100001000000000001000  14
000000010000000001000000100001000  23
000000010100100000000000100000000  7
000000000000100001000001000010000  22
000000010000001001000001000000000  17
000000010100100000000001000000000  4
000000010100000001000000000010000  2
000000010000001000000000100010000  3
000001000100001000000001000000000  1
000001010000100001000000000000000  5
000000010100000001000000000001000  4
001000010000000001000000000001000  1
000001000000001001000001100001000  1
001000000000000000000001100001000  3
000000000000100000000001100010000  8
001000000000001000000000100010000  3
000001000000001000000000000010000  34
000000010000000000000000000011000  7
000000010000001000000001100000000  7
000000000000001001000001100010000  3
000000000100000001000001000010000  9
000000000000000000000001100011000  6
000000000000000001000001100001000  37
000001000000100001000000100000000  11
000000000100101000000001000000000  13
001000010100100000000001000000000  1
001000010000100000000000000001000  4
000000000100001000000001100000000  16
001000010000000000000000000011000  1
000000000000101000000001000001000  14
000000000100101000000000000010000  3
001001000000000000000000000010000  20
000001010000100000000000100000000  11
000000010000100001000000000010000  6
001001000000001000000000000001000  3
000001010000000001000000100000000  6
001000010000000000000001000001000  4
000000000100000001000001100001000  4
000000000100100001000001000000000  19
001000000100100000000000000001000  3
000000000000100001000001100001000  6
000000010100000000000001100000000  3
000000010000001000000000100001000  16
001000000100101000000000000000000  2
001000000000000000000000000011000  12
000000000000101001000000100000000  14
000000000100101000000000000001000  8
001000000100000000000001000010000  9
000000000100001000000001100010000  1
000001000000001000000000100001000  4
000000000000101000000000100001000  16
000000010000100000000001000010000  9
001000000000100000000000100001000  12
000001000000000001000001000001000  7
000000000000001001000001100001000  5
000000000000001000000001000011000  5
001000000000001000000001000010000  2
001000000100100000000001000000000  7
000000010100000000000000100001000  6
000000010100000000000000100010000  5
001000000100000000000000100001000  10
000000010000001000000001000001000  8
000001000000101000000001000000000  5
001000010100000000000000000001000  1
000000000100001001000001000001000  1
001000000000000001000000100001000  12
000000000100000000000000100011000  2
000001000000001001000001100000000  1
000001000000000001000000000011000  2
000001000000100001000000000001000  3
001000000000001000000001100000000  1
001000000000001001000000100000000  7
000001000100000000000001000001000  5
000001000000001000000000100010000  4
000001000000001001000001000001000  1
001001000000000001000000000001000  3
001000000000100001000000000010000  7
000000000000001000000001100010000  2
000000000100001001000000100001000  2
001000000000100000000000100010000  15
001000010000100000000001000000000  2
000001000000001000000001100001000  1
000001000000100000000000100001000  8
000000000000101001000001100010000  3
000001000000101001000000000000000  4
001001010000100000000000000000000  1
001000010000000001000001000000000  12
001001000100000000000000100000000  1
000001000000101000000000100000000  8
000001010000001001000001100000000  1
001000000000000000000001000011000  2
000001000000001000000001000010000  2
001000000100000000000001000001000  17
001001000000000000000000100010000  1
000000010100100001000001000000000  1
000000000000101001000001000010000  3
001000000100001000000001000000000  5
000001000000000001000000100010000  1
000000000100001000000000100010000  4
000001000000001001000000000001000  2
001000010000100001000000000000000  1
000001000100000001000000100000000  7
001001010000000000000000100000000  1
000001010000000000000001100010000  1
001000010100100001000000000000000  1
001000000000000001000000100010000  4
001001000000100000000000000010000  1
000001000000000001000001000010000  1
000001000100001000000000100000000  5
000000000000001000000001100001000  11
000000000000001001000001000011000  2
000001000100000001000000000001000  3
001001000000100000000000100000000  9
000000010000001001000001100000000  2
000001000100000001000001000000000  7
001001000000000000000001100010000  1
001000010000001000000001000000000  4
000001000000001001000001000000000  12
000001000000101000000001100000000  2
001000010000000000000000100001000  4
001001010000100000000000100000000  2
001000000100000000000000100010000  2
000000010100100001000000000000000  1
001000010100000001000000000000000  1
000000010000100001000001000001000  3
000000010000000001000001000010000  12
001000010000000001000000100001000  1
000000000100001001000000100010000  1
001000000100100001000000000000000  3
000001000000000000000001100010000  1
000001000100000000000001100000000  2
000000000000100000000000100011000  1
000000000000101001000000100001000  1
000001000000100000000001000010000  5
000000010000101000000001000000000  15
000001010000000001000001000000000  4
000001000000000001000001100001000  2
000000000100101000000001100010000  1
000001010100000000000000100000000  1
000001010000101001000000000001000  1
000000010000100001000001100000000  2
000001000100100001000000000000000  4
000001000100000001000001100000000  2
000000000100001000000001000010000  3
001000000100001001000000000000000  2
000000000000100001000001100010000  1
000000000100100001000000000001000  8
000000010000101001000000100000000  3
000001000000001001000000000011000  1
000000010000001001000000000010000  3
000000010000100001000001000011000  1
000000000100000001000001100010000  1
000000000100100001000000100010000  1
000000000100100001000000100001000  1
001000000000100001000001000010000  1
001000010000101000000000000000000  4
000000000000100001000000000011000  1
000000010100001000000000100000000  2
000000000100100000000001000010000  7
000000000100001001000001000010000  3
000001000000100001000001000000000  9
001001010000000001000000000000000  1
000000000100001001000001100000000  2
000001000100100000000000000001000  3
000000010100100000000000000010000  1
000000010000000000000001100010000  6
000000000000100001000000100010000  7
000000000100000001000000000011000  1
000000010100101000000000000000000  5
000001000100101000000000000000000  3
000000000100100001000001000010000  1
000000000100101001000001000000000  1
001000000100000000000001100000000  1
001001000000101000000000000010000  1
000001000000100001000000000010000  2
000001000000101001000001000000000  1
001001010000101000000000000000000  1
001000000000101000000001000000000  3
001001000100100001000000000000000  1
001001000100100000000000000001000  2
001000010000100000000000000010000  1
000001000100101001000001000000000  1
000000010100000000000001000010000  1
000001010100001000000000000000000  1
000000010000001001000000100001000  3
000000000100101001000000100001000  1
000001000000100000000001100001000  1
000001000100101001000000100000000  1
001001000000100000000001000000000  5
001001000000100000000001100000000  1
000001010100000000000000000001000  1
000001010000000000000001000001000  2
000000000000101001000001100001000  2
000000000000100000000001000011000  3
001000010100100000000000000010000  1
001000010000001000000000000001000  1
001000000100100000000001000001000  1
001000000000101000000000000010000  1
000001000000101000000000000010000  2
001000000000101001000000000010000  1
001001000000100000000000100010000  1
000000010000001001000001000001000  1
000000010000101001000000000010000  1
000000010100001000000000100001000  1
000000010100000000000001000001000  1
001000000000000001000001000011000  1
000001010000100000000000100001000  1
000001000100100000000000000010000  2
000001000000000000000001100011000  1
001000000100001000000000000001000  3
001000000000100001000000100001000  2
000001010000100000000000000001000  1
000001010000100000000001000000000  3
000000000100100001000001100000000  1
000000010000100001000000100010000  1
001000000000100000000001000001000  4
001000000000101000000000000001000  1
000000010100000001000001000000000  3
001001010000000000000000000001000  1
001001010100000000000000000000000  1
000001000000001000000000000011000  2
000001000100000000000001000010000  1
001000010000001001000000000000000  2
001000010000000000000001000011000  1
001001000100000000000000000010000  1
000000000000100000000001100011000  1
001000010000000000000001100000000  1
001001000000000000000000100001000  1
000001010000000001000001100000000  1
000001000000101000000001000001000  1
000000010100100000000000000001000  2
000000000100001000000001000011000  1
001000000000101000000000100000000  1
001000000000000001000001100001000  1
001000010100000000000000100000000  1
000001000100000001000001000001000  1
001001000100100000000000000000000  1
001000010100100000000000000000000  1
000000010000100000000000000011000  1
001000000000001001000000100001000  2
001000010100000000000001100000000  1
000000000100101001000000100000000  1
000001000000000000000001000011000  1
000000000100001001000001100001000  1
001000000000001000000001000011000  1
001000000100000001000001000001000  1
000001000100101000000000100000000  1
001000000000100001000000000001000  2
000001000000001001000000100001000  1
000001000000000001000001000011000  1
000000000100101000000001100000000  1
001001000100000000000000000001000  1
000000000100100001000000000010000  4
000000000100001001000001100010000  1
000000010000001001000001100010000  1
000000010000001001000001000010000  3
000000000100101001000001100000000  1
000001000100001001000000000000000  1
001000010100000000000001000000000  1
000000000000101000000001000010000  1
000001000000000001000001100010000  1
000001000000001001000000000010000  1
001001000000000001000000000010000  1
000001000000101001000000100001000  1
000000000100100000000001100001000  1
000000010000001001000001000011000  1
001001000100000000000001000000000  1
000001010000000001000000000001000  1
000001010000100000000001000010000  1
001001000000001001000000000000000  1
000000010100001000000001000000000  1
